version https://git-lfs.github.com/spec/v1
oid sha256:8c43584040bea1ba5fe450cab7f4be27938d7bcec7c755e4d9ab6bde9f9836c6
size 186
